225 6239 1418 3650 7431 2199
4050 2912 1727 4505 5945 3389
1885 4242 2537 4638 5830 3941
614 2377 7770 1719 2849 7879
2534 5724 6326 4464 686 5115
2199 7770 4505 6239 1885 614
6326 5115 5945 1719 3650 4242
1727 5724 4638 2377 3941 7431
2537 7879 2912 3389 225 686
1418 5830 2849 2534 4464 4050
3389 2377 5724 4242 2199 6239
4638 6326 686 1418 7770 5945
7431 4050 5830 5115 614 2912
3941 5115 7770 2912 3389 1418
1885 1719 4464 225 2537 1727
2849 3650 2534 7879 4505 3941
5945 225 1885 5724 2849 614
2377 2534 4505 7431 6326 2537
7879 686 6239 1727 4242 5830
2199 1719 4050 3650 4638 4464
4242 614 225 7770 1727 2534
5115 4050 3650 686 1885 2377
5830 3389 1719 4505 1418 5724
2849 2537 4638 6239 2912 6326
3941 4464 2199 5945 7879 7431